tokens read: 736 (442 winners, 294 dumps), 69 skipped for exceeding 40 signature pages
sources: {'record': 728, 'gecko': 8}
early buys parsed: 37582 by 22772 wallets
wallets early in 3+ distinct winners: 811; selection of a wallet that buys everything: 0.601

graded: 160 of 811 nominees
bar: tokens >= 20, hit >= 10.0%, hold >= 5.0 min, honest >= +10.0%

wallet     wins dumps   sel tokens  hit%  win%   real%  honest% hold_m   /day buy_sol  days     h1%     h2% pass
64hP97Bwr5   20     1  0.95    161  12.4  38.9    +5.0     +4.3    3.4  961.3   0.944  0.17    +3.9    +5.2 -
omegoMAe1A   15     0  1.00    118  12.7  44.2    +4.2     -2.2    3.7 1586.8   0.444  0.07    +5.8   -11.3 -
BwWK17cbHx   12    36  0.25     18  66.7  90.9    +6.5    -40.7    1.0 1800.0   0.028  0.00   -27.5   -56.9 -
SQHK48QT8S   11     1  0.92    203   5.4  40.6    +9.8     +8.1    4.6  835.4   0.961  0.24    +2.8   +16.1 -
ssssswdk4R   10     0  1.00     84  11.9  41.2    +2.4     +1.5    3.3 1125.0   0.199  0.07    -1.8    +1.9 -
BV6VvziipJ   10     1  0.91      9 111.1 100.0  +273.4   +273.4   96.2   39.4   0.021  0.23  +556.0   +34.4 -
NMVXLGSVrv   10     1  0.91     14  71.4 100.0  +285.3   +285.3  118.4   34.5  43.342  0.41  +427.1  +229.6 -
AJHY4fnkkY    9     0  1.00      0   0.0   0.0    +0.0     +0.0    0.0    0.0   0.000  0.00       -       - -
7gE3KAL2rF    9     0  1.00     11  81.8  33.3    +0.7     -1.7   12.7   57.1   1.632  0.19    -2.2    -2.5 -
8SKXAfr5zv    8     0  1.00     13  61.5   0.0    +0.0   -100.0    0.0   19.6   0.296  0.66  -100.0  -100.0 -
3pbGMwTGy7    8     0  1.00     14  57.1  60.0    +0.2     -2.2    7.3   67.5   1.521  0.21    -3.3    -2.6 -
91cszSKVMP    8     0  1.00     13  61.5  50.0    +0.8     -1.5   10.1   65.1   1.648  0.20    -0.5    -3.7 -
sssssDdMNA    8     0  1.00    104   7.7  43.8    +3.8     +0.9    5.0 1125.3   0.889  0.09    +6.8    -2.8 -
CTEAzw27eo    7     0  1.00     13  53.8   0.0    +0.0   -100.0    0.0   19.1   0.279  0.68  -100.0  -100.0 -
H6L5iCJMQr    7     0  1.00      2 350.0   0.0    +0.0   -100.0    0.0  200.0  30.312  0.00  -100.0  -100.0 -
4TRYRPwKNx    7     0  1.00     13  53.8   0.0    +0.8     -2.0   12.1   64.0   1.436  0.20    -2.5    -1.4 -
2eUd88Ghir    7     0  1.00     12  58.3   0.0    +0.0   -100.0    0.0   18.0   0.253  0.67  -100.0  -100.0 -
E5CAMHWGo9    7     0  1.00     18  38.9  10.0    -0.6     -2.4   11.2   60.7   1.160  0.30    -1.8    -2.9 -
EPnbFpE1NN    7     0  1.00     17  41.2 100.0  +103.5   +102.3   39.6   80.4   5.010  0.21   +40.6  +191.4 -
9w3cGd56kn    7     0  1.00     15  46.7  42.9    +0.9     -0.7   10.3   61.6   1.435  0.24    -0.7    -0.7 -
B1Ec85NhgJ    7     0  1.00     34  20.6 100.0   +53.9    +53.6    7.5  128.8  71.509  0.26   +42.8   +81.6 yes
6YnbMZKCgH    7     1  0.88     17  41.2   0.0    +0.7     -2.6    2.9   75.4   1.294  0.23    -3.0    -3.6 -
5YFhajnhLG    7     2  0.78     16  43.8  33.3    +0.8     -5.8   12.3   51.8   0.813  0.31    -3.8    -7.7 -
Fs9RN3wAsu    7    18  0.28    761   0.9 100.0    +7.9    -86.8  173.2 6190.0   0.002  0.12  -100.0  -100.0 -
4TTVBVtHAz    6     0  1.00     17  35.3  40.0    +0.3     -2.0   30.5   41.0   2.350  0.41    -2.4    -2.0 -
FZU56d9iPq    6     0  1.00    214   2.8  21.6    -6.9    -15.8    1.2  192.0   1.256  1.11   -13.4   -17.7 -
97GpfcwyEz    6     0  1.00     12  50.0   0.0    -1.0     -6.1   24.1   18.3   0.506  0.66    -5.8    -5.8 -
EpqC76WbRU    6     0  1.00     12  50.0   0.0    +0.0   -100.0    0.0   17.6   0.286  0.68  -100.0  -100.0 -
9PKwcLsehC    6     0  1.00      3 200.0   0.0    +0.0   -100.0    0.0   21.8   0.052  0.14  -100.0  -100.0 -
HnzwTZkS7t    6     0  1.00     10  60.0  66.7    -0.0     -2.0   21.0   46.6   2.789  0.21    -2.8    -1.9 -
4WxE3GAiFG    6     0  1.00     81   7.4  48.1    +2.0     +2.0    2.0  270.5   0.503  0.30    +0.9    +3.6 -
7Ct1abppC3    6     0  1.00     25  24.0  40.0    -3.4    -16.9   64.6   14.0   0.488  1.78   -15.1   -19.0 -
74NAhBbuYh    6     0  1.00    341   1.8  28.7    -2.1     -2.1    0.0 1198.2   0.103  0.28    -2.4    -1.5 -
668fx1pbM2    6     0  1.00     22  27.3  27.3    -0.4     -2.6    9.2   56.6   1.018  0.39    -2.9    -2.3 -
CVNB17X94K    6     0  1.00     14  42.9  50.0    +1.0     -3.2    7.5   52.5   0.909  0.27    -4.1    -2.9 -
4RDQVXd5CU    6     0  1.00     11  54.5   0.0    +0.0   -100.0    0.0   16.9   0.293  0.65  -100.0  -100.0 -
EkWdRztgSm    6     0  1.00      9  66.7   0.0    +0.0   -100.0    0.0   23.0   0.092  0.39  -100.0  -100.0 -
Fk9UFT6EVH    6     0  1.00     22  27.3  25.0    +0.3     -2.4    9.8   60.3   1.265  0.36    -1.8    -3.4 -
DeWqcNkq2g    6     0  1.00     12  50.0 100.0    +0.0     -6.3   43.7   19.5   0.508  0.62    -5.0    -9.1 -
A5UQsLm3LQ    6     0  1.00     13  46.2   0.0    +0.0   -100.0    0.0   31.3   0.378  0.42  -100.0  -100.0 -
DSS7PKPfT2    6     0  1.00      5 120.0   0.0    +0.0   -100.0    0.0   22.1   0.133  0.23  -100.0  -100.0 -
6UsCmhE6oL    6     1  0.86     19  31.6  60.0    -0.8     -2.6   11.2   98.2   2.380  0.19    -2.0    -4.0 -
CJBJza5oWh    6     1  0.86     10  60.0  40.0    +0.5     -0.5   24.4   44.4   3.315  0.23    -0.3    -0.8 -
CnPFcPxuHc    6     1  0.86     16  37.5  16.7    -1.3     -3.2   22.0   27.4   1.907  0.58    -4.9    -2.0 -
BW42QBt6Pb    6     1  0.86      8  75.0  25.0    +0.0     -1.2   20.9   43.9   1.974  0.18    +0.7    -2.6 -
2Mz7KTqzrM    6     1  0.86     20  30.0  25.0    +0.1     -3.0   15.4   41.0   1.411  0.49    -4.8    -2.4 -
7UfYrtss36    6     1  0.86     13  46.2  66.7    +0.1     -2.9   22.6   30.0   1.104  0.43    -4.6    -1.5 -
9yqLmFp9mC    6     1  0.86     15  40.0  14.3    -0.3     -1.8   25.5   40.6   1.554  0.37    -1.6    -3.0 -
ANy7wgHLw3    6     2  0.75     19  31.6  42.9    -0.2     -1.9    5.6   41.9   1.241  0.45    -2.2    -1.4 -
kiwiC4pg5m    6     2  0.75    769   0.8   0.0    +0.0   -100.0    0.0 3560.6   0.002  0.22  -100.0  -100.0 -
DYc1jL7enG    6     2  0.75     10  60.0  50.0    +1.3     -2.3    9.1   30.7   1.111  0.33    -1.5    -4.7 -
CVPhbRHpz4    6     2  0.75      7  85.7   0.0    +0.0   -100.0    0.0   83.0   0.058  0.08  -100.0  -100.0 -
3Eny8c6vUr    6     2  0.75      0   0.0   0.0    +0.0     +0.0    0.0    0.0   0.000  0.00       -       - -
8pgtJMGLJk    6     3  0.67     12  50.0   0.0    +0.0   -100.0    0.0   77.4   0.056  0.15  -100.0  -100.0 -
Co8WLAvxip    6     4  0.60      8  75.0   0.0    +0.0   -100.0    0.0   88.1   0.060  0.09  -100.0  -100.0 -
DH7hz5x4Kp    5     0  1.00     14  35.7  33.3    +1.3     -1.1    1.0   60.3   1.944  0.23    -2.5    -0.7 -
BDve94wdSW    5     0  1.00     18  27.8  75.0    +0.4     -2.0    8.0   46.9   1.299  0.38    -1.2    -2.3 -
4YPGt87Zdz    5     0  1.00     16  31.2  66.7    -1.0     -2.6    5.4   60.8   2.026  0.26    -1.8    -4.0 -
46zL6jUKQs    5     0  1.00     19  26.3  40.0    +1.2     -1.1   18.1   19.1   1.163  0.99    -0.7    -2.3 -
4V9tfoGjua    5     0  1.00     29  17.2  18.2    -0.7     -4.3   15.2   50.9   0.944  0.57    -5.0    -3.8 -
DgLT61daBe    5     0  1.00     16  31.2  33.3    +0.2     -2.1    8.1   40.7   1.344  0.39    -2.6    -1.6 -
Gqm7QHpDKd    5     0  1.00     45  11.1  38.9    +0.8     -3.8    3.6   48.4   0.733  0.93    -3.1    -4.4 -
DMeyRd7Vk7    5     0  1.00     22  22.7  83.3    +0.3     -2.3    8.5   40.2   1.032  0.55    -2.4    -2.3 -
EzbeF2bADK    5     0  1.00    145   3.4  19.7   -11.1    -26.0    1.5   91.5   2.024  1.58    +3.2   -28.1 -
2QgCB7kHaQ    5     0  1.00     19  26.3  50.0    -6.0    -17.1  168.7   11.5   0.515  1.66   -19.6   -11.9 -
ru8t8RNxaZ    5     0  1.00     12  41.7  20.0    -0.4     -4.2   64.3   18.7   0.666  0.64    -2.2    -7.2 -
5TQ3N5ziLE    5     0  1.00     35  14.3  42.9    +1.5     -3.2   64.7    8.2   1.050  4.28    -3.6    -2.7 -
DTB26qQTD5    5     0  1.00     13  38.5  50.0    -0.8     -4.5   63.6   19.4   0.652  0.67    -4.9    -4.5 -
6r455YHEcM    5     0  1.00    169   3.0  44.4    -1.3    -10.8    0.2   34.6   0.002  4.88   -10.5  -100.0 -
2UCwGxbSQv    5     0  1.00     15  33.3   0.0    +0.0   -100.0    0.0   17.4   0.128  0.86  -100.0  -100.0 -
EDPsCeiYzo    5     0  1.00     10  50.0  57.1    +0.0     -2.0    4.8   48.2   2.873  0.21    -3.4    -1.8 -
HgHjhwtKxE    5     0  1.00     11  45.5  80.0    +0.6     -1.7    5.5   57.1   1.962  0.19    -3.4    -0.7 -
6WfvYb92KV    5     0  1.00     17  29.4   0.0    +0.0     -1.8   20.6   27.7   0.679  0.61    -1.3   -11.4 -
CfUTaNtpY5    5     0  1.00      8  62.5  60.0    -0.1     -1.4    3.0   65.3   3.099  0.12    -0.5    -2.6 -
F8WZGj48qy    5     0  1.00      8  62.5  50.0    +0.5     -1.4   11.0   59.3   3.432  0.13    +0.2    -4.3 -
GyzRWe28Qo    5     0  1.00     11  45.5  50.0    +0.5     -2.5    9.8  127.3   3.375  0.09    -4.6    -1.6 -
5pbc9eWBok    5     0  1.00     25  20.0  41.7    +0.6     -1.7    4.6   49.4   0.755  0.51    -2.1    -1.6 -
AoNMzcBJ6R    5     0  1.00     32  15.6  60.0    -0.4     -5.6    1.6   98.4   0.692  0.33    -7.7    -5.1 -
ASeDmcW86t    5     0  1.00      8  62.5 100.0    -0.3     -2.6    7.8   96.2   2.129  0.08    -2.3    -3.9 -
9oQ2R8cepV    5     0  1.00      7  71.4  50.0    -0.3     -0.9   59.2   21.1   0.588  0.33    -0.8   -26.5 -
ByK7sb5Uza    5     0  1.00     15  33.3 100.0    +1.5     -4.5    1.6   77.3   1.243  0.19    -5.9    -4.4 -
5ZEUmZhKBn    5     0  1.00     72   6.9  38.9    -0.6     -0.6    0.1  270.7   0.540  0.27    +0.5    -2.4 -
Cwq2JrsjoW    5     0  1.00     10  50.0   0.0    -0.6     -3.7   95.4   16.5   0.829  0.60    -3.4    -3.6 -
GodFDUQDtv    5     0  1.00    330   1.5  41.3    +0.5     -3.0    1.2  630.3   0.292  0.52    -7.1    -0.3 -
5dcy7VN7ZC    5     0  1.00      3 166.7   0.0    +0.0   -100.0    0.0   21.7   0.051  0.14  -100.0  -100.0 -
7acAHPXdaK    5     0  1.00     11  45.5  75.0    +0.9     -1.1    1.5   82.6   1.746  0.13    +0.0    -5.6 -
HX6HmEgW2W    5     0  1.00     14  35.7  42.9    +0.0     -1.6    0.9   64.8   1.864  0.22    -1.0    -1.7 -
6dTv1thFkP    5     0  1.00     13  38.5  50.0    -0.4     -1.8   17.7   20.6   1.235  0.63    -1.0    -2.8 -
DDYN9LajVw    5     0  1.00     16  31.2  36.4    +0.2     -1.4   15.5   43.5   1.678  0.37    -1.3    -1.1 -
6AHvixSibG    5     0  1.00      1 500.0   0.0    -4.2     -4.2    0.1  100.0   1.510  0.00       -       - -
BbC38fPTSU    5     0  1.00     10  50.0  66.7    +0.3     -1.8   12.9   82.0   3.526  0.12    +2.2    -3.3 -
E6kB1J34BZ    5     0  1.00     20  25.0  50.0    -0.8     -5.6   72.2   29.9   0.746  0.67    -8.1    -2.9 -
DCQSwEcQxE    5     0  1.00     39  12.8  50.0    -0.5     -5.8    1.9  104.6   0.632  0.37    -4.9    -6.5 -
Cqsy62dpjR    5     0  1.00     16  31.2  33.3    +0.4     -5.1  102.2   24.1   0.839  0.66    -7.3    -3.4 -
Cv5GgkpXvt    5     0  1.00     82   6.1  24.7    -0.6     -1.8    1.7  115.2   0.752  0.71    +6.0    -6.4 -
Hyhy7tCTJ7    5     0  1.00     21  23.8  33.3    -1.6     -4.1   40.7   28.5   0.988  0.74    -3.4    -4.5 -
F6XJTh93VG    5     0  1.00    102   4.9  37.3    +0.1     +0.1    2.0  169.8   0.503  0.60    -0.4    +1.1 -
8J9pQfL9jY    5     0  1.00     21  23.8  50.0    -4.8    -13.6   59.2   13.8   0.554  1.52   -23.1    -5.8 -
7BH77VU1f8    5     0  1.00     21  23.8   0.0    +0.0   -100.0    0.0   24.9   0.138  0.84  -100.0  -100.0 -
AmjQeLsdJz    5     0  1.00      2 250.0   0.0    +6.3    -92.7    0.0  200.0  47.505  0.00  -100.0       - -
AtQj8wMUKP    5     0  1.00     25  20.0  37.5    +0.4     -2.6   10.6   36.9   0.990  0.68    -2.0    -4.0 -
C36uDbBo8D    5     0  1.00     25  20.0  15.4    -1.0     -3.2    2.7   52.6   0.992  0.48    -2.7    -4.5 -
7paYMFdUHX    5     0  1.00     15  33.3  36.4    -0.8     -2.3    1.5   75.7   2.284  0.20    -3.5    -1.8 -
9uiXTGC7Bq    5     0  1.00     14  35.7  30.0    -0.6     -1.6   12.8   46.2   2.494  0.30    -3.0    -1.3 -
283B8dofqE    5     0  1.00     23  21.7  66.7    -0.1     -2.7    3.0   34.5   0.931  0.67    -2.4    -5.3 -
7zufU36phX    5     0  1.00     12  41.7  20.0    +1.1     -2.3    9.9   85.9   3.129  0.14    -2.9    -2.6 -
8yCnRmv7YB    5     0  1.00     11  45.5  33.3    -0.2     -2.2    5.8   43.0   2.683  0.26    -2.1    -2.2 -
8JyEsjugc1    5     0  1.00     18  27.8  71.4    -0.2     -1.9    2.2   48.3   1.195  0.37    -1.6    -1.9 -
9gNUBD6Rgm    5     0  1.00     28  17.9  33.3    +1.3     -4.1   13.8   49.8   1.044  0.56    -4.7    -3.6 -
7NgvqZjmS2    5     0  1.00      9  55.6  40.0    -0.8     -3.6    7.4   94.6   1.714  0.10    -1.9    -7.2 -
8dtx2tr4Tu    5     0  1.00    352   1.4  30.0    +3.2     +2.9    0.5  364.8   0.580  0.96    +4.5    +0.2 -
DEZztjkMZL    5     0  1.00     17  29.4  14.3    +1.3     -2.4    1.6  170.2   2.690  0.10    -1.3    -2.8 -
49uohdddbm    5     0  1.00    209   2.4  37.3    -0.5     -0.5    1.7  181.2   0.503  1.15    -1.4    +0.7 -
E418ruAsgQ    5     0  1.00    404   1.2  27.9    +0.2     -0.1    0.8  880.8   0.156  0.46    -1.9    +1.5 -
7ee6nQZMBg    5     0  1.00     15  33.3   0.0    +0.0   -100.0    0.0   17.4   0.121  0.86  -100.0  -100.0 -
5twJ4TMozk    5     1  0.83      6  83.3   0.0    +0.1     -2.6    2.2   35.6   2.601  0.17    -3.1    -2.9 -
4suL6sgqS4    5     1  0.83     13  38.5  57.1    +0.5     -1.1   10.5   69.5   1.753  0.19    -0.5    -1.9 -
BqSK3oa2bG    5     1  0.83      9  55.6  57.1    +0.6     +0.2   11.5   83.5   2.102  0.11    +1.7    +0.2 -
EPYJeHsqKC    5     1  0.83    146   3.4  36.4    +0.5     -6.8    7.0   34.6   0.002  4.22    -6.5  -100.0 -
BXE7AMyA3N    5     1  0.83     10  50.0  50.0    +0.5     -1.5   11.3   53.4   1.746  0.19    -1.5    -1.4 -
FH3PFYLWQF    5     1  0.83     17  29.4  20.0    -0.4     -1.5   11.6   84.6   1.220  0.20    -1.2    -1.8 -
EDXNXwVMXw    5     1  0.83     26  19.2 100.0    -0.6     -5.5    2.5   84.6   0.695  0.31    -5.9    -5.1 -
FNpyU9nvLy    5     1  0.83      3 166.7   0.0    +0.0   -100.0    0.0   21.7   0.047  0.14  -100.0  -100.0 -
6htCwqMHQ7    5     1  0.83     21  23.8  57.1    +0.6     -3.2    9.5   85.5   1.194  0.25    -3.8    -3.1 -
EzqzT8AGN8    5     1  0.83     17  29.4 100.0    +0.5     -3.9    0.0  167.4   2.214  0.10    -6.4    -2.1 -
HpyPCtGzVy    5     1  0.83     32  15.6  50.0    -0.5     -6.5    0.2   82.7   0.634  0.39    -7.3    -5.1 -
DuJh5jkWrz    5     1  0.83      3 166.7   0.0    +0.0   -100.0    0.0   21.5   0.051  0.14  -100.0  -100.0 -
Dp3cuAhnkY    5     1  0.83     11  45.5  50.0    +1.0     -1.9   47.1   39.7   1.919  0.28    -3.9    -1.6 -
At5vXmVsR3    5     1  0.83     12  41.7 100.0    -0.2     -4.5    0.1   78.0   1.541  0.15    -3.5    -6.0 -
4sMz3xxNXd    5     1  0.83     15  33.3  62.5    +0.0     -0.8   13.9   72.1   1.700  0.21    -2.0    -0.6 -
8wg8aU4vDt    5     1  0.83     53   9.4  26.7    -0.5     -5.8    1.6   79.4   0.572  0.67    -5.5    -6.1 -
52RVsqDyyB    5     1  0.83      3 166.7   0.0    +0.0   -100.0    0.0   21.7   0.051  0.14  -100.0  -100.0 -
DSTzpD4JND    5     2  0.71     19  26.3  75.0    +0.8     -0.8    3.9   81.5   3.292  0.23    -1.8    +0.8 -
5KeUcivVXR    5     2  0.71     12  41.7   0.0    +0.0   -100.0    0.0   56.2   0.086  0.21  -100.0  -100.0 -
62he7zJRZ8    5     2  0.71     16  31.2  66.7    -0.4     -2.6    5.4   71.1   3.058  0.23    -3.5    -2.5 -
7v1joVB4qm    5     2  0.71     10  50.0   0.0    -5.3    -91.9    0.0   73.0   0.062  0.14  -100.0   -85.6 -
HiBti2DjvG    5     2  0.71     19  26.3  54.5    -0.7     -3.1    3.2   91.2   2.894  0.21    -3.5    -2.8 -
BUBBLEtr8B    5     2  0.71    389   1.3  31.7    +1.1     +0.9    0.4 1463.8   0.103  0.27    +4.4    -2.4 -
AQdxHxEwSk    5     3  0.62     15  33.3   0.0    -5.0    -92.6    0.0   65.1   0.053  0.23  -100.0   -91.6 -
2TtJcWjYfz    5     3  0.62    375   1.3   0.0   -95.2    -95.2    0.0 2343.8   0.016  0.16   -95.0   -95.4 -
27HFmP7ccL    5     6  0.46    675   0.7   0.0    +0.0   -100.0    0.0 4721.5   0.002  0.14  -100.0  -100.0 -
Aa9mpEB7Gr    4     0  1.00     18  22.2  27.3    +0.3     -1.6    3.8   95.2   2.317  0.19    -2.5    -0.2 -
3HB71Q5JXn    4     0  1.00     14  28.6  28.6    -1.5     -3.2    4.9   83.8   2.355  0.17    -2.5    -6.2 -
HHEHixZjq8    4     0  1.00     17  23.5  77.8    +1.2     -0.3    4.3  108.1   2.394  0.16    -0.1    -6.0 -
FHvjgbUePY    4     0  1.00     12  33.3  33.3    +1.0     -3.7    0.9   75.2   2.210  0.16    -3.1    -4.1 -
DpDFLSq5ua    4     0  1.00     12  33.3  16.7    -2.8     -5.0    3.4   57.0   1.873  0.21    -4.2    -9.5 -
61vgWirjjC    4     0  1.00     18  22.2  83.3    -0.2     -2.2    4.1   38.8   0.664  0.46    -1.6    -2.3 -
AsEskC3A87    4     0  1.00     28  14.3  30.8    -0.5     -2.5    1.2   60.3   1.326  0.46    -3.9    -1.7 -
4FUzhtwzxJ    4     0  1.00     10  40.0  50.0    +0.5     -0.2   10.2   92.4   3.364  0.11    +1.4    -0.4 -
DQFGAqsfLz    4     0  1.00     10  40.0  25.0    -0.9     -2.9    6.9   58.0   2.212  0.17    -1.5    -6.5 -
3nWLLAFpo8    4     0  1.00      9  44.4  60.0    +0.1     -1.4    1.6   81.8   2.828  0.11    -1.3    -2.5 -
H8ysD9L98T    4     0  1.00     13  30.8  66.7    +1.1     -1.5    9.2   59.9   3.157  0.22    -0.4    -3.4 -
6fXQu2txkc    4     0  1.00      6  66.7   0.0    -0.6     -1.5   32.8   54.1   2.674  0.11    -1.3    -1.9 -
FmeYfDrFrR    4     0  1.00      7  57.1 100.0    +0.5     -0.4   43.0   63.0   3.121  0.11    +1.2    -3.2 -
HGmudUwtLn    4     0  1.00     10  40.0  60.0    -0.5     -2.7    4.7   84.3   2.997  0.12    -0.6    -6.3 -
7QfAqsDBoH    4     0  1.00     11  36.4  33.3    +2.9     -2.5   11.8   85.8   2.650  0.13    -0.9    -6.1 -
ApN5ePCp12    4     0  1.00     18  22.2   0.0    -0.1     -3.3    0.0   49.6   0.739  0.36    -5.2    -2.9 -
J5kMpzQwFn    4     0  1.00     28  14.3 100.0    +0.0     -4.5    4.3   91.3   1.029  0.31    -3.5    -7.3 -
54HV4u4bcS    4     0  1.00     11  36.4   0.0    -0.4     -2.5   73.2   40.6   0.939  0.27    -2.1    -2.6 -
E1KTxtabDa    4     0  1.00     11  36.4   0.0    +2.4     -1.0    2.1   39.1   1.936  0.28    -0.9    -1.4 -

VERDICT: 1 wallet(s) pass the bar: B1Ec85NhgJsViQV9V6GnYUWvmikNQA8NRyD95No1BARx
